884613728199405588
884613713682903040
884613712424615966
884613699137073202
884613700147892244
884613721782091836
884613735719772202
884613707429183520
884613721773719552
884613721215877140
884613713993273394
884613740052496485
884613700529582150
884613720632852541
884613711761932318
884613708167405568
884613726555222077
884613713095692339
884613725871550494
884613705386590228
884613705172680764
884613721731776542
884613729361207296
884613716463747102
884613713041186816
884613739620478977
884613734356619314
884613739465293845
884613726924320768
884613717990469672
884613729700941874
884613699241902110
884613699678134354
884613708775559238
884613705910865990
884613708351930378
884613714068783134
884613725871562754
884613713599037460
884613704048607274
884613700642803752
884613729965207602
884613740119617586
884613699011231794
884613704874876960
884613738668376064
884613722277048341
884613739683409931
884613718250504222
884613720943235164
884613718598639666
884613704631603201
884613700533747752
884613712344932412
884613734419546202
884613717931749446
884613730921488426
884613738550951936
884613734205620295
884613710163873833
884613716555997245
884613713955545108
884613721735966802
884613725661847562
884613736382476339
884613716950282310
884613738513195038
884613707873804319
884613714064597002
884613739414970369
884613740199313498
884613738710327296
884613713699680267
884613733966553119
884613736281804881
884613717956898846
884613726303551518
884613709559910453
884613736420212826
884613709547339777
884613738718703656
884613721320734730
884613703872442378
884613721773723648
884613699774611507
884613710323261450
884613730766319698
884613700714131496
884613720838373456
884613722847469658
884613726676852798
884613739297513492
884613726072881152
884613713875828756
884613729914847323
884613703784357928
884613705189449788
884613699137056768
884613705768251424
884613722784530483
884613734381809664
884613738160849006
884613729252163634
884613727381504080
884613717982060554
884613739469504552
884613738903265300
884613700902875186
884613713443831851
884613727326978088
884613713926184990
884613699153850378
884613700676370464
884613712021954600
884613733526159421
884613710189068338
884613721710809128
884613718674145281
884613725116584017
884613711514456127
884613707584389150
884613716425986099
884613729558347837
884613704891641897
884613721459130429
884613719152283688
884613729294106634
884613705839570975
884613710155509770
884613723384320041
884613721895342090
884613729591902208
884613711980036096
884613710063222904
884613729650618458
884613711921315860
884613700974161960
884613740308365352
884613709685739550
884613734063046726
884613700672167998
884613728123899904
884613707483742219
884613708486148096
884613724781027339
884613699518754816
884613705428516894
884613725682810910
884613734323064892
884613714274316288
884613738089578496
884613714005860422
884613726035128350
884613726974644284
884613736579612713
884613735786905651
884613705185251409
884613705122328577
884613723128475728
884613721551409173
884613710314897408
884613717659115601
884613734092394499
884613728232935424
884613718200168478
884613705013268511
884613719236153384
884613700672184320
884613709379539004
884613717910769755
884613711942287400
884613707865399307
884613739314307102
884613700466663444
884613717076107264
884613716556021840
884613730602741810
884613705042636880
884613710302281789
884613708272259142
884613719127109673
884613726152568912
884613717034164224
884613719177445386
884613737854697544
884613716962852934
884613710277115914
884613703364911135
884613699183181854
884613729625452585
884613700919656458
884613740308353094
884613712432992288
884613734008487966
884613704392540160
884613722692268033
884613728065179648
884613721534656512
884613718481182750
884613730585944165
884613716505690153
884613740161548319
884613723438841856
884613705554362479
884613734557962301
884613709790580776
884613725020102666
884613717239677028
884613707957690439
884613701213233213
884613700688953356
884613736470556722
884613716971225158
884613735937880124
884613705298485289
884613711795462205
884613713452208199
884613730665639977
884613735807877121
884613739544993882
884613733966544926
884613722058915920
884613717692657745
884613712399437894
884613703952130098
884613705860534302
884613726219694080
884613717109645362
884613700567318589
884613717977858068
884613710361034812
884613729935839232
884613727406657617
884613736839655484
884613725485690880
884613729659019384
884613740803276830
884613723539537971
884613710667194468
884613707563417630
884613723224944700
884613736915161138
884613729638051841
884613723522736168
884613710226788422
884613736395063296
884613716623122493
884613730581766184
884613725720543303
884613700865122354
884613705222991903
884613716342079599
884613705839575100
884613726899175454
884613740765515816
884613709253718116
884613736306987008
884613716182708315
884613712286195722
884613725653434368
884613729633861632
884613710130323466
884613703746596905
884613736889991248
884613738492219392
884613704455454740
884613731194134539
884613734054625350
884613730023907398
884613704421888030
884613729394774038
884613730661433385
884613736588017664
884613700940603422
884613726257442896
884613714060386324
884613739553378314
884613718170812446
884613714127495228
884613722612596777
884613700508586044
884613713984888892
884613726907547658
884613708033163294
884613721979240478
884613736910954567
884613725338865665
884613730200080395
884613705856348200
884613712269434930
884613729893888090
884613719387156572
884613736009199658
884613718103695360
884613740518064139
884613736340533298
884613722042155088
884613700890263642
884613700772823200
884613703687876608
884613738785808384
884613711816454154
884613734243401770
884613739997986866
884613733601665035
884613721442365440
884613739754713168
884613723313012736
884613729348624384
884613739654037516
884613714077188136
884613739997974599
884613700827381780
884613720565764117
884613713766780938
884613705797632011
884613710608486410
884613705642430515
884613700684763137
884613738928418887
884613700802203688
884613716409188423
884613713175396393
884613717579399229
884613712055500800
884613700915458108
884613711908708352
884613731349323786
884613710210027570
884613723283656774
884613718648963082
884613716501479444
884613740505493535
884613739888918568
884613729302503435
884613710226792459
884613699086729236
884613703700447283
884613736025976864
884613738227982346
884613700730888253
884613703373299752
884613721186521128
884613709715103805
884613700806377552
884613730552389733
884613720934871040
884613709576687627
884613708289040437
884613721480106105
884613725984804884
884613707865419786
884613738391552030
884613739373015040
884613727507329084
884613710121926657
884613700768628746
884613728404901899
884613707953483786
884613727339561031
884613722704871484
884613721861795893
884613703817904218
884613711996796968
884613730942464060
884613736877404191
884613717734621284
884613725527617586
884613736667705415
884613709895458867
884613713913589780
884613725628280833
884613722147024956
884613731059896360
884613740056678413
884613720809029714
884613699506167860
884613708838502430
884613726978838529
884613704455434301
884613705294303252
884613714077179914
884613737150033920
884613704702885968
884613730984407060
884613730808262708
884613716597952532
884613729621278770
884613726857220176
884613709861912637
884613713611608116
884613736843862016
884613729537363978
884613721224253500
884613721001955339
884613739389779999
884613700940628019
884613739884732507
884613725846401096
884613727893192745
884613721777913866
884613717206130718
884613736512491593
884613730669854780
884613737896636476
884613699191595020
884613726882377758
884613712961490986
884613736751591494
884613736810287164
884613729742901259
884613722889412661
884613738550923314
884613699007045662
884613705239756881
884613713691291739
884613708477775873
884613709803188224
884613704786780250
884613728077762661
884613716488900659
884613729742888960
884613717130616903
884613726945304577
884613717969494036
884613735359062067
884613714328834079
884613736852258856
884613739985403904
884613723510153226
884613738441871370
884613738462871562
884613700701536287
884613700076601445
884613726282588170
884613700248543284
884613721689829416
884613712122626048
884613705311088690
884613704929386586
884613731034746921
884613733945606174
884613714060386374
884613699120283708
884613705818578984
884613718518947871
884613716618919947
884613709887074304
884613705696948304
884613729604497408
884613735732367390
884613716337905746
884613707299176539
884613721568182302
884613725544382495
884613720758694000
884613733740085328
884613736965496922
884613704182825009
884613725083025448
884613713791959100
884613726043512902
884613730527248404
884613730955055124
884613736508313640
884613712697229382
884613704900026398
884613713225723954
884613707731193856
884613700701552660
884613699652964423
884613723392720916
884613725254996090
884613729600294973
884613703398486086
884613713825525760
884613717738803211
884613730665652314
884613719148093510
884613740740358144
884613703922757663
884613710134521906
884613733966573648
884613699673948210
884613725712158730
884613700655411221
884613731265417276
884613705533386814
884613740769726474
884613700902879242
884613729046630461
884613731319963648
884613740111229009
884613703377510461
884613723371757598
884613729789042698
884613736646713364
884613709421486081
884613731370299422
884613731273818172
